6
10
41 48 35 76 36 51 20 27 38 76 36 68 27 38 1 46 2 26 25 71 
5
62
21
25
21
18

25
62 73 30 102 50 101 44 162 101 108 68 171 33 127 121 207 52 176 83 97 98 211 104 207 108 195 61 155 77 187 96 107 73 115 25 117 59 183 1 115 26 44 66 91 6 98 43 69 14 52 
25
153
49
144
235
135
11
16
16
95
68
237
91
225
246
11
68
174
103
152
1
78
69
28
44
88

50
1 500 500 500 247 310 46 289 230 379 208 318 153 286 244 273 104 213 155 262 54 65 168 207 152 347 58 200 237 455 128 308 238 262 215 228 8 171 37 207 97 334 63 292 50 239 184 208 215 437 161 393 5 179 126 146 167 400 36 267 90 103 206 429 134 146 10 107 156 259 68 241 111 235 26 161 103 271 112 198 112 347 155 327 87 260 158 301 47 187 107 347 33 259 194 325 1 19 236 239 
50
59
206
227
18
54
316
359
293
109
183
11
74
355
322
48
380
105
102
54
305
250
37
452
499
446
51
409
133
52
364
337
161
95
158
11
446
142
243
455
313
289
80
417
232
388
446
465
172
2
344

15
138 138 94 94 87 87 142 323 158 260 117 132 123 221 29 80 154 183 136 187 89 132 39 238 76 154 88 256 100 239 
8
138
55
274
204
137
346
104
87

20
121 123 171 261 30 127 80 263 5 70 55 235 159 183 209 291 81 172 131 286 120 257 170 328 53 120 103 260 71 142 121 271 173 203 223 301 180 215 230 307 
15
177
341
14
223
329
172
81
56
210
132
171
104
122
224
231

15
236 366 77 236 99 178 49 244 139 247 172 315 101 177 111 158 34 183 15 153 173 183 129 172 9 162 161 173 1 30 
8
236
284
144
323
383
138
21
74

