6
50
23 386 226 455 425 520 237 624 141 542 267 589 144 351 206 631 463 564 144 301 121 241 493 701 318 318 438 587 375 473 23 205 153 463 274 372 375 636 260 337 308 731 77 116 338 580 148 390 344 690 121 187 325 589 314 333 476 798 193 637 416 525 128 538 402 897 1 20 354 782 296 454 82 178 258 327 407 597 396 859 429 493 433 589 266 389 111 453 171 293 388 737 274 621 469 640 441 635 339 498
25
188
783
798
281
475
39
61
759
807
994
243
898
243
568
668
159
431
207
311
49
903
673
228
677
570

200
241 1052 880 1166 1016 1291 977 1202 563 1317 260 585 428 1080 710 1157 1216 1513 855 1193 309 1167 652 1302 391 1254 813 1327 646 1262 920 1031 401 1021 552 1437 215 296 334 1055 176 1215 263 1325 712 800 98 363 236 536 275 861 742 1408 839 1301 646 1147 889 1633 1190 2190 641 1249 1213 1654 789 1693 28 1208 83 251 640 1087 820 1478 256 968 842 1922 564 1723 26 235 527 1132 572 1481 812 1655 1231 2288 219 510 850 1734 929 1697 1149 2174 336 1270 734 1161 194 620 258 349 679 1657 555 1585 936 1571 652 881 827 1358 160 1210 776 860 933 1642 1188 2423 504 1268 575 1442 312 932 860 1072 365 885 818 831 595 1727 1216 2318 1026 1982 681 967 1225 2119 1191 2232 86 856 74 1146 1001 1052 566 1788 374 876 124 260 234 773 833 1837 297 1404 48 270 233 1328 877 1276 307 1251 72 482 490 1682 1044 2078 349 501 133 306 437 1042 318 848 398 1645 84 645 644 1787 513 1463 1107 1988 828 1460 229 898 635 673 259 1066 637 801 433 857 691 1413 116 867 136 1052 1114 1192 217 238 1242 2139 647 1414 626 806 1147 1737 1226 2325 560 1630 635 1047 401 1434 519 1239 1065 1877 872 1139 1245 1467 1101 1169 722 1418 1218 1586 1028 1345 260 533 651 708 1090 1189 1102 1228 1109 2287 1100 2298 221 646 630 987 417 667 1071 2175 1232 1291 114 284 1046 1982 1073 1260 1011 1745 557 1578 898 1059 960 1770 645 1893 687 733 1240 2004 452 1260 442 716 571 863 1064 1108 857 1854 741 1408 723 1867 398 856 126 301 928 1548 41 1031 496 1394 1000 1752 91 515 535 986 271 1373 1147 1393 364 1083 741 943 399 448 318 860 819 1284 413 615 873 1822 423 712 209 1301 689 1260 360 1200 860 1848 527 1170 844 1930 1083 1981 427 588 971 1245 1200 2427 693 1695 67 1130 266 777 59 161 1069 1805 342 1005 1216 2442 1110 2116 796 1916 1120 1285 675 691 663 1174 934 1060 114 1196 1034 1806 943 2017 1186 2185
100
2038
1808
2215
880
508
1880
512
304
1705
996
2184
818
907
269
2284
738
2316
1352
1713
464
2185
2124
1494
1965
385
121
2259
776
2445
110
396
1273
1455
350
2119
1946
2216
1137
1607
1412
328
186
249
876
1204
685
2021
1695
254
2368
879
453
1549
2127
585
2189
2186
1994
1950
2266
573
124
632
1014
1302
1599
2405
2116
128
1874
1675
101
1540
1663
1771
1556
1982
1296
2229
2194
242
70
2487
1540
1838
1838
2444
708
432
820
1803
1416
1850
1163
1337
2107
2337
1499
1891
314

500
1 5000 5000 5000 1543 2648 85 896 1455 2011 833 2897 496 2821 2056 2314 385 650 1464 2970 188 2255 1370 1847 1769 2778 803 2008 1198 3095 574 1109 709 2630 965 3081 2038 4510 2033 2438 1647 2491 775 1889 1715 3384 1777 2529 1303 2375 1387 2092 848 1749 140 909 218 2709 1313 1497 1564 3341 1188 1499 282 2104 765 1059 1056 1819 2206 3349 838 3287 1413 2857 578 1068 1201 2568 540 2236 658 1901 45 1282 2426 2905 718 837 520 2259 1933 2728 111 1554 1200 3194 328 2584 2110 3046 741 2207 1438 2455 1044 3024 2089 4480 1624 2892 1416 3269 1418 2664 1504 2313 1123 2151 1163 2963 1966 2911 224 2628 2006 3808 1511 1748 355 693 966 2755 1942 3280 700 1381 2478 3067 2213 3357 865 3115 1259 3457 656 3028 1064 3231 2372 3124 2236 3568 1682 2995 1430 3261 1294 3383 1786 4004 1981 3677 2223 4504 12 134 1732 3209 2309 3596 2009 2803 2137 3343 1784 2121 1343 2403 265 2708 1301 1539 1884 3281 1305 3350 1382 2590 1419 2466 1451 2317 338 1592 2382 2794 1608 3407 1742 3362 224 993 686 1949 1731 2447 1561 3445 979 2440 1868 2839 2313 3763 841 2641 465 1981 2108 4296 608 941 1549 3942 2174 2779 1653 2640 2366 4262 838 1434 1679 2216 1075 2624 872 3091 213 1381 364 1541 356 2273 1433 1934 2441 2806 748 1818 1469 3802 1894 4360 1923 2162 633 1336 1716 4121 1933 2547 480 2859 1234 1672 1524 1624 1464 3651 2003 2227 1259 2218 450 2822 361 923 1733 2892 2368 3766 936 2973 1461 2064 2338 2858 575 2648 2410 4344 2034 3754 2488 3570 597 2457 1030 2125 391 2212 624 2518 1642 3328 1825 3101 824 1342 33 2384 2419 3737 1301 3477 1992 3179 715 1442 2205 3512 263 1090 2297 4324 1221 1473 1925 2508 172 382 212 2049 2012 3760 2159 3747 694 1064 1051 1364 530 1716 96 1193 177 501 1032 1343 1248 2941 2406 4036 888 2859 389 547 1241 1448 2180 3831 87 2108 912 950 52 2079 1104 2448 2312 2869 2333 4575 74 2311 2344 2819 868 2843 161 1431 794 2248 1069 3453 1176 3486 939 3317 102 599 1400 1784 2446 2450 1486 2966 2270 2825 1543 2737 2387 3836 952 3134 2021 3664 257 2437 1349 1661 330 2103 1693 2719 1281 2999 1587 3111 2410 3972 2042 2657 1684 2094 586 854 2251 3263 1127 1439 283 601 284 1199 2153 3913 1817 2163 980 3208 1508 1680 1868 2859 1709 3586 715 1536 2422 3436 60 459 979 1812 16 2113 1973 2965 1583 3637 1978 3871 1277 1589 386 563 1051 2128 1125 1409 158 2101 289 2279 975 3388 206 2276 1412 3707 593 2644 1642 2207 558 561 2220 2725 2438 4927 1005 3426 2245 4204 63 1074 2221 4383 496 1308 649 2736 1766 1971 969 1031 2314 4261 827 2433 637 1210 786 2521 1907 4386 1083 1183 1561 3743 2474 3887 1342 1916 2255 2845 1159 2848 1578 4057 1689 3867 1908 3168 2148 4286 852 2996 2078 3290 1638 3199 1868 2648 1111 1525 1597 2098 710 1015 2457 3937 2076 2546 1810 3422 735 2865 2227 3380 585 599 1230 3432 943 1077 156 2518 1877 2205 2146 2898 6 616 2343 3733 300 1801 165 1501 499 1029 1754 2265 1285 2736 301 2441 835 3198 49 2528 132 2245 1974 3907 31 1033 1826 2660 36 2479 2092 3360 686 1705 1413 2982 1280 3699 1923 1967 74 2389 2399 3394 1163 1284 738 1431 993 1597 2328 3363 525 2940 2 1048 178 539 2103 2571 1849 3133 1793 3117 207 533 1398 2270 1919 2163 1642 3198 586 1926 288 1312 349 2488 809 1085 2287 3653 481 1675 748 1521 1333 2115 1633 2389 1709 2582 1205 3485 828 3163 66 1826 738 1864 1526 2835 2039 3931 2345 4777 613 2979 2368 2993 2308 3157 2179 3116 430 1356 1976 3417 904 2300 1116 1142 1070 2103 352 2374 355 1869 1553 3178 2010 4119 2428 3945 1853 2143 485 605 1763 3173 2383 4442 977 2476 690 1518 1068 2176 1061 2447 2107 4232 711 1549 1673 1790 1661 2095 427 835 1157 2589 1424 3039 2106 3878 277 1304 2068 2728 2244 3222 1251 3593 40 1586 1824 3373 1540 3024 2036 3152 2366 2495 1594 2533 1778 1921 840 1612 407 1805 1446 3049 1306 2396 199 1002 627 1593 68 823 2050 4189 579 1692 203 1942 525 859 781 2527 1924 2164 832 1555 1921 4411 181 2237 2066 2954 145 2024 1912 4116 1347 3756 531 795 694 2474 1626 2901 156 894 1563 3407 1236 2914 2113 4225 1623 3065 238 2323 1989 3120 1031 1854 1007 1272 2470 2909 274 1678 2466 4486 135 2039 1455 2548 2011 2623 1711 3349 645 2062 648 2395 2055 2089 1175 2898 878 3099 2449 3004 2451 3437 2482 3747 2166 3770 844 1960 2257 3765 2026 2832 462 1616 190 696 1738 3501 2185 4294 1324 2898 109 1952 1722 4073 1997 3459 1614 2479 1405 3803 1772 2992 2245 3251 1404 2286 89 1281 656 2468 2119 2735 1869 3982 969 3254 963 3315 476 2236 618 713 55 1158 2371 3197 1401 2304 468 1895 1499 3542 517 1369 1067 3531 2080 4204 2396 3669 1912 3551 2264 4128 2298 2850 951 1707 829 2946 1966 3804 1156 1573 17 1512 2050 3997 1117 2133 1406 1446 1594 2163 1525 1732 725 1281 670 2674 66 919 1224 2782 786 2161 639 834 352 1430 1964 2054 1362 3671 283 1228 531 543 1452 3433 55 2185 66 2332 707 1603 1745 2697 2063 2789 2042 3530 410 2421 1413 2670 102 2363 951 1457 345 1889 1406 1962
500
2464
1091
4006
3970
4182
3153
4809
2493
1241
4097
4743
2803
2037
4533
4157
4583
3685
2349
1040
3506
2845
4728
2927
375
270
4221
2706
3885
3817
4696
653
4183
4747
529
3829
399
1633
1022
1165
1206
2377
2384
3365
4809
3604
1171
3576
1662
4196
4462
4217
4988
4253
1443
10
2432
1691
2441
1160
4964
1609
3284
4334
946
2393
206
868
1302
1309
3751
1163
1137
3896
232
768
2330
2441
174
3827
3470
13
1529
1443
4521
1209
4372
1001
1101
3361
551
3813
3495
1200
3760
1352
3761
3780
1992
3055
3497
1229
777
1584
4537
850
4029
933
2752
3295
3562
4610
3894
463
514
44
1124
259
4775
3776
1538
1420
2396
4630
2450
3986
1702
624
4929
3633
1225
162
614
3677
2239
4376
3347
4451
4011
3654
2969
1019
1908
144
2568
733
4549
3807
3659
3311
3833
3765
1354
1704
2252
3197
1473
4396
4180
930
2470
4893
1486
1786
4952
1490
2901
4582
1754
3118
1422
1305
2055
1728
2799
1490
672
2643
4053
792
4785
3993
1213
954
833
3201
2698
1520
2432
297
997
2369
3123
2954
3619
1721
3050
4063
4472
879
4523
1161
4849
2529
560
963
3439
3756
3483
44
4655
2244
761
4110
2007
699
364
1250
4467
3914
859
4302
1117
658
3557
861
2315
581
4770
1945
3963
950
4930
4055
3633
4546
4014
4190
1353
4073
4748
2438
1823
501
801
4721
2507
4598
151
705
2515
759
2270
1158
2441
529
3367
922
4660
1281
131
331
4634
824
1706
2835
1522
2520
1295
1888
4223
4870
3768
3755
2961
1385
908
1375
2998
4213
381
184
1238
3059
2613
3334
940
4393
4397
1052
4752
4121
2497
201
1089
2697
55
4963
3088
2535
3430
3442
2304
4671
3355
712
2313
4914
3622
4499
1683
2980
1251
477
4560
1395
3725
4041
3554
3095
4149
2009
1772
1498
2096
2824
605
3069
3566
1593
3758
2860
3863
3746
2789
263
904
3089
3050
3334
1843
3002
95
1505
3572
2962
4348
2033
3192
747
4504
3406
3209
2052
1420
4094
3308
2971
1849
1663
3843
3618
3018
3945
4853
908
4876
3155
1291
3170
1225
2064
2079
2903
3820
1438
1941
3252
1279
3787
1115
2352
3193
2612
4477
4384
2019
4819
809
783
4297
4716
1849
2762
3390
4012
4926
2595
2727
1327
4769
2111
18
4180
1902
2134
1064
3695
1602
2967
3621
2436
3163
3870
1345
243
4246
139
1422
3404
426
4767
986
3639
3860
2797
1367
4592
285
4315
477
4582
3854
1412
3273
655
2236
652
3694
1074
701
783
890
4136
802
1526
4436
551
887
2375
4393
3621
1685
616
4254
3461
4129
3519
2232
4489
2150
3217
2839
3309
2509
1189
2313
475
613
1308
1251
2625
2061
2560
3409
2747
3493
246
2487
4429
2693
3737
2144
1290
3045
3452
235
2994
2156
3492
2775
1403
893
2472
3707
303
4859
2734
4471
582
2093

150
525 525 145 145 748 748 26 462 86 1333 633 962 965 1882 1027 1382 1127 1336 311 699 721 1034 728 1178 904 1217 660 795 458 542 965 1671 99 374 310 1262 490 738 176 539 1167 1678 252 510 1050 1607 1176 1701 711 1959 973 2043 636 1216 24 389 352 891 283 1365 834 1565 476 983 757 1705 442 1487 542 1591 880 1580 441 928 100 868 10 1252 398 671 247 1425 244 266 600 1018 7 531 824 831 826 1122 512 523 125 1374 69 1308 547 1002 939 2156 508 603 149 478 1163 1951 632 1343 1144 2341 115 999 320 1126 11 497 1156 1591 940 1624 237 528 765 1335 735 1003 116 964 359 932 211 714 369 915 1157 2177 795 1482 761 1478 667 1370 1215 1292 619 1468 803 805 143 1365 674 946 1012 1921 673 806 1233 1319 935 1829 286 974 813 1361 479 699 323 795 1186 1691 853 1581 796 1999 843 1857 1021 2121 312 926 426 682 573 1062 475 499 343 1247 694 752 320 883 1134 1247 694 1630 6 1228 632 1376 252 1485 693 1412 1065 2133 960 1826 266 1216 1049 1523 404 1541 753 925 728 1849 251 665 404 1488 1117 1830 998 2050 86 412 561 1725 286 788 999 1965 1006 2217 889 1381 785 861 263 1353 1116 2272 423 1215 544 689 707 1525 459 1608 1167 2107 1223 1540 680 824 691 1530 612 647 1236 1282 579 714 492 996 800 1559 194 835 144 221 212 646 57 1144 421 737 408 863 409 1520 314 1034 646 1249 263 1281 315 967 465 994 102 1262 449 1674
80
525
2422
1147
1893
421
2137
773
906
2384
2110
1144
703
2252
298
2102
969
877
271
2334
1003
820
36
1199
840
2245
1450
1816
1471
1910
1352
962
1625
1398
220
1315
1965
2476
2217
2212
1478
361
1662
862
959
2377
737
225
35
1775
1637
729
644
2115
2101
1058
1905
1806
1546
567
513
1093
2445
1955
1456
551
1446
5
1921
1365
1777
51
2458
83
2254
1562
2300
2253
2084
1657
748

200
908 1087 958 1793 974 1435 1024 1967 451 782 501 1641 443 1091 493 1795 779 1665 829 2082 580 605 630 1552 695 1707 745 2103 926 1795 976 2147 80 385 130 1442 246 503 296 1501 1174 2148 1224 2324 1155 1573 1205 2036 221 886 271 1693 489 1089 539 1794 40 1236 90 1868 1015 2211 1065 2355 841 1646 891 2073 593 678 643 1589 39 205 89 1352 622 1645 672 2072 1209 2409 1259 2454 830 1859 880 2179 295 649 345 1574 165 1048 215 1774 998 2114 1048 2307 290 1173 340 1836 812 2033 862 2266 299 1514 349 2007 66 806 116 1653 682 1194 732 1847 864 2089 914 2294 1112 1864 1162 2182 179 488 229 1494 58 113 108 1306 468 1656 518 2078 344 744 394 1622 65 969 115 1734 613 1712 663 2106 996 1172 1046 1836 236 1099 286 1799 926 2111 976 2305 252 1376 302 1938 652 1692 702 2096 397 668 447 1584 975 1848 1025 2174 261 315 311 1407 922 1076 972 1788 894 1082 944 1791 966 968 1016 1734 851 1919 901 2209 128 441 178 1470 616 937 666 1718 1035 1532 1085 2016 1056 1213 1106 1856 1224 1566 1274 2033 302 593 352 1546 938 1588 988 2044 371 537 421 1518 728 1310 778 1905 566 1608 616 2054 246 1292 296 1896 57 57 107 1278 829 1974 879 2237 31 928 81 1714 269 1058 319 1779 862 1338 912 1919 950 2138 1000 2319 903 1687 953 2093 1173 1175 1223 1837 1101 1410 1151 1955 737 831 787 1665 69 835 119 1667 960 1348 1010 1924 540 1783 590 2141 743 1200 793 1850 153 1295 203 1897 463 823 513 1661 1129 1497 1179 1998 1232 1471 1282 1985 1015 1878 1065 2189 1173 1583 1223 2041 113 753 163 1626 155 952 205 1726 1116 1805 1166 2152 421 1568 471 2034 773 1311 823 1905 764 1007 814 1753 874 1494 924 1997 23 310 73 1405 1137 1854 1187 2177 72 128 122 1314 860 1466 910 1983 734 746 784 1623 135 567 185 1533 886 1464 936 1982 1013 1991 1063 2245 168 1109 218 1804 434 903 484 1701 172 914 222 1707 172 1181 222 1840
150
3
953
45
2009
581
1585
2209
1191
1759
2328
2348
1834
1478
750
17
1836
1286
2351
1850
289
634
1152
121
1486
134
470
486
1723
732
145
792
234
1497
1537
1715
1393
55
1892
772
793
2203
96
2097
346
2263
2031
571
232
766
1444
959
1025
502
494
830
631
746
977
131
297
1225
1206
272
540
91
1066
892
644
90
673
1260
881
346
216
1049
341
863
350
117
733
915
1163
230
109
519
395
116
664
1047
287
977
303
703
448
1026
312
973
945
1017
902
179
667
1086
1107
1275
353
989
422
779
617
297
108
880
82
320
913
1001
954
1224
1152
788
120
1011
591
794
204
514
1180
1283
1066
1224
164
206
1167
472
824
815
925
74
1188
123
911
785
186
937
1064
219
485
223
223

150
1075 1248 494 1075 1073 1680 1065 2120 1078 1254 158 640 210 1062 586 596 1230 2053 1186 1396 796 990 681 1228 839 1183 633 1087 929 1876 757 1319 129 356 518 796 181 1086 1010 1837 1072 1392 710 1205 509 849 350 1385 349 1537 413 1190 667 1433 33 479 614 863 775 1837 763 828 289 646 981 1883 1119 1937 892 1087 596 1252 860 1384 431 511 244 1389 930 1514 275 1259 169 421 1201 1677 1177 2199 186 1305 114 490 667 830 100 914 209 921 405 1603 1046 2281 990 1234 756 1970 1095 1119 722 1796 235 367 909 1891 46 386 103 741 76 500 198 898 952 1184 665 1364 669 1182 1114 2280 183 859 522 699 144 1052 653 1571 194 727 1051 1646 61 1184 413 1184 749 1671 827 830 400 1444 201 1146 997 1013 159 851 40 679 983 1191 269 1264 414 549 790 1643 293 1453 1152 1374 1059 1449 736 1761 1038 2009 1051 2032 865 1318 569 685 373 1394 965 1760 1119 1582 1105 1287 1090 2098 1084 1109 224 1119 1002 1079 553 1018 289 562 173 433 82 907 339 754 928 2004 777 1639 190 690 369 1569 846 1824 529 1319 458 1212 648 747 1173 1682 1070 1289 781 1228 554 999 936 1057 383 908 155 820 1216 1269 79 297 91 752 1149 1872 723 1906 1242 1250 544 1267 720 1813 848 1760 562 685 1192 2233 352 1559 1074 1543 1021 1417 463 944 1006 1842 964 1860 1155 2337 934 1151 504 1521 33 888 537 1219 714 1235 399 949 895 1128 518 682 1197 1907 16 238 264 634 342 877
80
1075
2017
1351
557
1
1565
1881
890
833
936
1856
1774
1225
855
788
2350
650
1583
1592
1083
2369
2212
2227
100
1756
153
1222
885
1364
1807
776
1208
1970
1139
1930
1509
1479
1672
2220
1349
342
105
1246
95
1486
1061
2164
400
2000
1792
500
169
2421
1862
1625
735
1879
1132
2001
1759
2094
2150
356
528
779
113
556
1850
2069
273
1169
2097
850
2087
346
271
186
1814
1136
1751
